# D [Zoll], U_1 [V], U_2 [V], U_3 [V]
0.000000000000000000e+00 -8.550000000000000711e+00 -1.108999999999999986e+01 -1.334999999999999964e+01
2.500000000000000000e-01 -4.580000000000000071e+00 -6.360000000000000320e+00 -7.820000000000000284e+00
5.000000000000000000e-01 -1.100000000000000089e+00 -1.870000000000000107e+00 -1.959999999999999964e+00
7.500000000000000000e-01 2.609999999999999876e+00 2.910000000000000142e+00 3.790000000000000036e+00
1.000000000000000000e+00 6.179999999999999716e+00 7.589999999999999858e+00 8.919999999999999929e+00
1.250000000000000000e+00 9.589999999999999858e+00 1.200000000000000000e+01 1.464000000000000057e+01
1.500000000000000000e+00 1.325999999999999979e+01 1.660000000000000142e+01 2.008999999999999986e+01
1.750000000000000000e+00 1.680000000000000071e+01 2.098000000000000043e+01 2.530999999999999872e+01
2.000000000000000000e+00 2.039999999999999858e+01 2.535000000000000142e+01 3.080999999999999872e+01
