# D [Zoll], I_1 [A], I_2 [A], I_3 [A]
0.000000000000000000e+00 0.000000000000000000e+00 0.000000000000000000e+00 0.000000000000000000e+00
2.500000000000000000e-01 2.800000000000000266e-01 2.999999999999999889e-01 3.200000000000000067e-01
5.000000000000000000e-01 5.799999999999999600e-01 6.400000000000000133e-01 6.899999999999999467e-01
7.500000000000000000e-01 8.900000000000000133e-01 1.000000000000000000e+00 1.070000000000000062e+00
1.000000000000000000e+00 1.189999999999999947e+00 1.340000000000000080e+00 1.439999999999999947e+00
1.250000000000000000e+00 1.520000000000000018e+00 1.679999999999999938e+00 1.810000000000000053e+00
1.500000000000000000e+00 1.840000000000000080e+00 2.200000000000000178e+00 2.200000000000000178e+00
1.750000000000000000e+00 2.180000000000000160e+00 2.390000000000000124e+00 2.580000000000000071e+00
2.000000000000000000e+00 2.490000000000000213e+00 2.729999999999999982e+00 2.950000000000000178e+00
