# t [s], U [V]
1.999999999999999825e-04 4.750000000000000000e+00
3.999999999999999650e-04 8.250000000000000000e+00
5.999999999999999474e-04 1.050000000000000000e+01
7.999999999999999299e-04 1.250000000000000000e+01
1.000000000000000021e-03 1.400000000000000000e+01
1.199999999999999895e-03 1.550000000000000000e+01
1.399999999999999986e-03 1.650000000000000000e+01
1.599999999999999860e-03 1.725000000000000000e+01
1.799999999999999951e-03 1.750000000000000000e+01
2.000000000000000042e-03 1.775000000000000000e+01
2.199999999999999699e-03 1.825000000000000000e+01
2.399999999999999790e-03 1.850000000000000000e+01
