# f [Hz], U_c [V], a [s], b [s]
5.000000000000000000e+01 1.840000000000000213e+01 8.999999999999999754e-04 2.000000000000000042e-02
1.000000000000000000e+02 1.719999999999999929e+01 7.999999999999999299e-04 1.000000000000000021e-02
1.500000000000000000e+02 1.520000000000000107e+01 7.199999999999999369e-04 6.666666666666667095e-03
2.000000000000000000e+02 1.359999999999999964e+01 6.599999999999999964e-04 5.000000000000000104e-03
2.500000000000000000e+02 1.220000000000000107e+01 5.999999999999999474e-04 4.000000000000000083e-03
3.000000000000000000e+02 1.080000000000000071e+01 5.599999999999999509e-04 3.333333333333333547e-03
4.000000000000000000e+02 8.560000000000000497e+00 4.479999999999999933e-04 2.500000000000000052e-03
5.000000000000000000e+02 7.040000000000000036e+00 3.799999999999999667e-04 2.000000000000000042e-03
6.000000000000000000e+02 6.000000000000000000e+00 3.319999999999999926e-04 1.666666666666666774e-03
1.000000000000000000e+03 3.760000000000000231e+00 2.239999999999999966e-04 1.000000000000000021e-03
1.500000000000000000e+03 2.540000000000000036e+00 1.540000000000000028e-04 6.666666666666666444e-04
2.500000000000000000e+03 1.540000000000000036e+00 9.679999999999999477e-05 3.999999999999999650e-04
7.000000000000000000e+03 5.440000000000000391e-01 3.520000000000000180e-05 1.428571428571428679e-04
4.000000000000000000e+04 9.759999999999999232e-02 6.079999999999999386e-06 2.499999999999999781e-05
1.000000000000000000e+05 3.920000000000000567e-02 2.499999999999999781e-06 9.999999999999999124e-06
