# Delta_z [Impulse], Delta_s [mm]
3.186000000000000000e+03 5.330000000000000071e+00
3.183000000000000000e+03 5.330000000000000071e+00
3.045000000000000000e+03 5.089999999999999858e+00
3.006000000000000000e+03 5.029999999999999361e+00
3.337000000000000000e+03 4.679999999999999716e+00
3.315000000000000000e+03 4.679999999999999716e+00
4.953000000000000000e+03 1.401999999999999957e+01
3.332000000000000000e+03 1.401999999999999957e+01
4.080000000000000000e+03 6.809999999999999609e+00
3.747000000000000000e+03 6.259999999999999787e+00
