# I [nA], V [Volt]
0.000000000000000000e+00 1.310000000000000053e+00
2.000000000000000042e-03 1.199999999999999956e+00
4.000000000000000083e-03 1.100000000000000089e+00
6.000000000000000125e-03 1.040000000000000036e+00
8.000000000000000167e-03 1.000000000000000000e+00
1.000000000000000021e-02 8.000000000000000444e-01
1.200000000000000025e-02 6.999999999999999556e-01
1.400000000000000029e-02 6.600000000000000311e-01
1.600000000000000033e-02 6.300000000000000044e-01
1.799999999999999864e-02 6.099999999999999867e-01
2.000000000000000042e-02 5.500000000000000444e-01
