# I [nA], V [Volt]
0.000000000000000000e+00 1.010000000000000009e+00
2.000000000000000042e-03 9.499999999999999556e-01
4.000000000000000083e-03 9.100000000000000311e-01
6.000000000000000125e-03 8.900000000000000133e-01
8.000000000000000167e-03 8.599999999999999867e-01
1.000000000000000021e-02 8.399999999999999689e-01
1.200000000000000025e-02 8.199999999999999512e-01
1.400000000000000029e-02 8.000000000000000444e-01
1.600000000000000033e-02 7.800000000000000266e-01
1.799999999999999864e-02 7.600000000000000089e-01
2.000000000000000042e-02 7.500000000000000000e-01
