# I [nA], V [Volt]
-3.599999999999999728e-02 1.900000000000000000e+01
-3.400000000000000244e-02 1.800000000000000000e+01
-3.200000000000000067e-02 1.700000000000000000e+01
-2.999999999999999889e-02 1.600000000000000000e+01
-2.800000000000000058e-02 1.500000000000000000e+01
-2.699999999999999969e-02 1.400000000000000000e+01
-2.500000000000000139e-02 1.300000000000000000e+01
-2.299999999999999961e-02 1.200000000000000000e+01
-2.199999999999999872e-02 1.100000000000000000e+01
-2.000000000000000042e-02 1.000000000000000000e+01
-1.799999999999999864e-02 9.000000000000000000e+00
-1.600000000000000033e-02 8.000000000000000000e+00
-1.400000000000000029e-02 7.000000000000000000e+00
-1.200000000000000025e-02 6.000000000000000000e+00
-1.000000000000000021e-02 5.000000000000000000e+00
-8.999999999999999320e-03 4.000000000000000000e+00
-8.000000000000000167e-03 3.000000000000000000e+00
-6.000000000000000125e-03 2.000000000000000000e+00
-5.000000000000000104e-03 1.500000000000000000e+00
-4.000000000000000083e-03 1.000000000000000000e+00
-2.000000000000000042e-03 5.000000000000000000e-01
-1.000000000000000021e-03 4.000000000000000222e-01
2.000000000000000042e-03 2.999999999999999889e-01
8.000000000000000167e-03 2.000000000000000111e-01
2.599999999999999881e-02 1.000000000000000056e-01
5.199999999999999761e-02 2.000000000000000042e-02
6.400000000000000133e-02 -5.000000000000000278e-02
8.100000000000000255e-02 -1.000000000000000056e-01
1.499999999999999944e-01 -2.000000000000000111e-01
2.000000000000000111e-01 -2.999999999999999889e-01
2.300000000000000100e-01 -4.000000000000000222e-01
2.700000000000000178e-01 -5.000000000000000000e-01
3.499999999999999778e-01 -7.500000000000000000e-01
4.199999999999999845e-01 -1.000000000000000000e+00
5.200000000000000178e-01 -1.500000000000000000e+00
6.099999999999999867e-01 -2.000000000000000000e+00
7.600000000000000089e-01 -3.000000000000000000e+00
9.000000000000000222e-01 -4.000000000000000000e+00
1.199999999999999956e+00 -5.000000000000000000e+00
1.300000000000000044e+00 -6.000000000000000000e+00
1.300000000000000044e+00 -7.000000000000000000e+00
1.399999999999999911e+00 -8.000000000000000000e+00
1.399999999999999911e+00 -9.000000000000000000e+00
1.500000000000000000e+00 -1.000000000000000000e+01
1.500000000000000000e+00 -1.100000000000000000e+01
1.600000000000000089e+00 -1.200000000000000000e+01
1.600000000000000089e+00 -1.300000000000000000e+01
1.600000000000000089e+00 -1.336999999999999922e+01
1.600000000000000089e+00 -1.400000000000000000e+01
1.699999999999999956e+00 -1.600000000000000000e+01
1.699999999999999956e+00 -1.800000000000000000e+01
