# I [nA], V [Volt]
0.000000000000000000e+00 5.000000000000000000e-01
2.000000000000000042e-03 3.800000000000000044e-01
4.000000000000000083e-03 2.800000000000000266e-01
6.000000000000000125e-03 1.900000000000000022e-01
8.000000000000000167e-03 1.100000000000000006e-01
1.000000000000000021e-02 5.000000000000000278e-02
1.200000000000000025e-02 -8.000000000000000167e-02
1.400000000000000029e-02 -1.499999999999999944e-01
1.600000000000000033e-02 -2.099999999999999922e-01
1.799999999999999864e-02 -2.899999999999999800e-01
2.000000000000000042e-02 -3.499999999999999778e-01
