# Impulse /17s
6.420000000000000000e+02
5.100000000000000000e+02
4.310000000000000000e+02
3.530000000000000000e+02
2.550000000000000000e+02
2.170000000000000000e+02
1.910000000000000000e+02
1.130000000000000000e+02
1.040000000000000000e+02
9.300000000000000000e+01
9.500000000000000000e+01
6.300000000000000000e+01
7.200000000000000000e+01
3.900000000000000000e+01
3.200000000000000000e+01
3.100000000000000000e+01
3.400000000000000000e+01
4.000000000000000000e+01
2.800000000000000000e+01
3.600000000000000000e+01
3.300000000000000000e+01
3.300000000000000000e+01
2.200000000000000000e+01
2.200000000000000000e+01
2.100000000000000000e+01
2.500000000000000000e+01
1.700000000000000000e+01
2.200000000000000000e+01
2.400000000000000000e+01
1.400000000000000000e+01
2.200000000000000000e+01
2.000000000000000000e+01
8.000000000000000000e+00
1.800000000000000000e+01
1.800000000000000000e+01
1.700000000000000000e+01
1.900000000000000000e+01
1.200000000000000000e+01
1.500000000000000000e+01
1.500000000000000000e+01
1.000000000000000000e+01
1.300000000000000000e+01
1.500000000000000000e+01
