# v [Hz], U [V]
2.000000000000000000e+01 2.500000000000000000e+00
2.000000000000000000e+02 2.180000000000000160e+00
4.000000000000000000e+02 1.600000000000000089e+00
6.000000000000000000e+02 1.040000000000000036e+00
8.000000000000000000e+02 5.360000000000000320e-01
9.000000000000000000e+02 4.159999999999999809e-01
9.500000000000000000e+02 3.019999999999999907e-01
1.000000000000000000e+03 1.700000000000000122e-01
1.050000000000000000e+03 9.840000000000000135e-02
1.075000000000000000e+03 8.640000000000000457e-02
1.100000000000000000e+03 3.359999999999999792e-02
1.125000000000000000e+03 1.039999999999999952e-02
1.150000000000000000e+03 1.519999999999999997e-02
1.175000000000000000e+03 7.760000000000000231e-02
1.200000000000000000e+03 1.199999999999999956e-01
1.300000000000000000e+03 2.500000000000000000e-01
1.400000000000000000e+03 3.400000000000000244e-01
1.500000000000000000e+03 4.400000000000000022e-01
1.700000000000000000e+03 5.999999999999999778e-01
1.900000000000000000e+03 7.760000000000000231e-01
2.100000000000000000e+03 8.880000000000000115e-01
2.300000000000000000e+03 9.919999999999999929e-01
2.500000000000000000e+03 1.080000000000000071e+00
3.000000000000000000e+03 1.270000000000000018e+00
3.500000000000000000e+03 1.409999999999999920e+00
4.000000000000000000e+03 1.510000000000000009e+00
5.000000000000000000e+03 1.620000000000000107e+00
7.000000000000000000e+03 1.800000000000000044e+00
1.000000000000000000e+04 1.760000000000000009e+00
2.000000000000000000e+04 1.780000000000000027e+00
3.000000000000000000e+04 1.860000000000000098e+00
