# Abstand auf x-Achse [cm], Frequenz [kHz]
0.000000000000000000e+00 2.980000000000000071e+01
2.000000000000000000e+00 3.279999999999999716e+01
4.000000000000000000e+00 3.629999999999999716e+01
6.000000000000000000e+00 4.020000000000000284e+01
8.000000000000000000e+00 4.429999999999999716e+01
1.000000000000000000e+01 4.889999999999999858e+01
1.200000000000000000e+01 5.360000000000000142e+01
1.400000000000000000e+01 5.860000000000000142e+01
1.600000000000000000e+01 6.459999999999999432e+01
1.800000000000000000e+01 7.050000000000000000e+01
2.000000000000000000e+01 7.729999999999999716e+01
2.200000000000000000e+01 8.540000000000000568e+01
