Zählrohrwinkel	Rate bei 35kV
2*theta/°	R(35kV)/Imp/s

6,0	24,0
6,2	24,0
6,4	24,0
6,6	21,0
6,8	21,0
7,0	26,0
7,2	24,0
7,4	28,0
7,6	27,0
7,8	27,0
8,0	26,0
8,2	27,0
8,4	29,0
8,6	27,0
8,8	29,0
9,0	27,0
9,2	27,0
9,4	30,0
9,6	37,0
9,8	43,0
10,0	53,0
10,2	71,0
10,4	77,0
10,6	90,0
10,8	93,0
11,0	109,0
11,2	126,0
11,3	125,0
11,6	137,0
11,8	155,0
12,0	170,0
12,2	168,0
12,4	179,0
12,6	184,0
12,8	193,0
13,0	200,0
13,2	202,0
13,4	215,0
13,6	224,0
13,8	229,0
14,0	228,0
14,2	237,0
14,4	246,0
14,6	250,0
14,8	255,0
15,0	267,0
15,2	272,0
15,4	276,0
15,6	275,0
15,8	304,0
16,0	298,0
16,2	298,0
16,4	320,0
