#Zaehlrate
27.0
29.0
26.0
29.0
43.0
56.0
78.0
101.0
117.0
137.0
163.0
170.0
186.0
205.0
217.0
243.0
232.0
265.0
269.0
280.0
294.0
317.0
322.0
333.0
326.0
346.0
355.0
360.0
354.0
350.0
371.0
380.0
387.0
376.0
400.0
375.0
375.0
351.0
339.0
344.0
335.0
334.0
340.0
318.0
310.0
298.0
267.0
262.0
241.0
241.0
224.0
221.0
206.0
209.0
203.0
198.0
197.0
196.0
192.0
182.0
175.0
175.0
174.0
166.0
159.0
153.0
142.0
147.0
147.0
144.0
145.0
146.0
136.0
131.0
129.0
120.0
117.0
131.0
313.0
1120.0
1118.0
419.0
165.0
154.0
135.0
146.0
136.0
156.0
169.0
257.0
2966.0
3729.0
2671.0
234.0
130.0
111.0
100.0
100.0
77.0
78.0
80.0
81.0
78.0
71.0
67.0
66.0
68.0
64.0
68.0
58.0
55.0
