Zählrohrwinkel	Rate bei 35kV mit Wi
2*theta/°	R(35kV)/Imp/s

19,0	123,0
19,2	116,0
19,4	114,0
19,6	112,0
19,8	113,0
20,0	111,0
20,2	109,0
20,4	104,0
20,6	109,0
20,8	107,0
21,0	108,0
21,2	107,0
21,4	111,0
21,6	123,0
21,7	124,0
22,0	129,0
22,2	130,0
22,4	133,0
22,6	127,0
22,8	129,0
23,0	122,0
23,2	121,0
23,4	112,0
23,6	114,0
23,8	107,0
24,0	106,0
24,2	108,0
24,4	101,0
24,6	98,0
24,7	97,0
25,0	96,0
25,2	93,0
25,4	100,0
25,6	106,0
25,8	114,0
26,0	121,0
26,2	125,0
26,4	131,0
26,6	127,0
26,8	127,0
27,0	120,0
27,2	115,0
27,4	114,0
27,6	107,0
27,8	106,0
28,0	102,0
28,2	100,0
28,4	97,0
28,6	96,0
28,8	92,0
29,0	94,0
29,2	93,0
29,4	85,0
29,6	83,0
