# p_1 [mbar], pulse_1, channel_1
0.000000000000000000e+00 4.675000000000000000e+04 1.023000000000000000e+03
5.000000000000000000e+01 4.636400000000000000e+04 1.023000000000000000e+03
1.000000000000000000e+02 4.556300000000000000e+04 9.430000000000000000e+02
1.500000000000000000e+02 4.589900000000000000e+04 9.110000000000000000e+02
2.000000000000000000e+02 4.592900000000000000e+04 8.640000000000000000e+02
2.500000000000000000e+02 4.514500000000000000e+04 8.320000000000000000e+02
3.000000000000000000e+02 4.496100000000000000e+04 8.190000000000000000e+02
3.500000000000000000e+02 4.455200000000000000e+04 7.750000000000000000e+02
4.000000000000000000e+02 4.357000000000000000e+04 7.750000000000000000e+02
4.500000000000000000e+02 4.413400000000000000e+04 7.430000000000000000e+02
5.000000000000000000e+02 4.310100000000000000e+04 7.190000000000000000e+02
5.250000000000000000e+02 4.304600000000000000e+04 7.110000000000000000e+02
5.500000000000000000e+02 4.183100000000000000e+04 6.870000000000000000e+02
5.750000000000000000e+02 4.229400000000000000e+04 6.600000000000000000e+02
6.000000000000000000e+02 4.177900000000000000e+04 6.520000000000000000e+02
6.250000000000000000e+02 4.104400000000000000e+04 6.390000000000000000e+02
6.500000000000000000e+02 4.055900000000000000e+04 5.910000000000000000e+02
6.750000000000000000e+02 3.968500000000000000e+04 5.740000000000000000e+02
7.000000000000000000e+02 3.835300000000000000e+04 5.270000000000000000e+02
7.250000000000000000e+02 3.557900000000000000e+04 5.110000000000000000e+02
7.500000000000000000e+02 3.324600000000000000e+04 5.110000000000000000e+02
7.750000000000000000e+02 2.956200000000000000e+04 5.110000000000000000e+02
8.000000000000000000e+02 2.298600000000000000e+04 4.060000000000000000e+02
8.250000000000000000e+02 1.730100000000000000e+04 4.110000000000000000e+02
8.500000000000000000e+02 1.190400000000000000e+04 4.080000000000000000e+02
8.750000000000000000e+02 5.620000000000000000e+03 4.040000000000000000e+02
9.000000000000000000e+02 2.988000000000000000e+03 4.100000000000000000e+02
9.250000000000000000e+02 1.391000000000000000e+03 3.980000000000000000e+02
9.500000000000000000e+02 4.950000000000000000e+02 4.080000000000000000e+02
9.750000000000000000e+02 2.250000000000000000e+02 4.010000000000000000e+02
1.000000000000000000e+03 0.000000000000000000e+00 0.000000000000000000e+00
