# p_2 [mbar], pulse_2, channel_2
0.000000000000000000e+00 8.905700000000000000e+04 1.023000000000000000e+03
5.000000000000000000e+01 8.888600000000000000e+04 1.023000000000000000e+03
1.000000000000000000e+02 8.836200000000000000e+04 1.023000000000000000e+03
1.500000000000000000e+02 8.827800000000000000e+04 9.480000000000000000e+02
2.000000000000000000e+02 8.842400000000000000e+04 9.720000000000000000e+02
2.500000000000000000e+02 8.772800000000000000e+04 9.430000000000000000e+02
3.000000000000000000e+02 8.711700000000000000e+04 8.960000000000000000e+02
3.500000000000000000e+02 8.681300000000000000e+04 9.110000000000000000e+02
4.000000000000000000e+02 8.658200000000000000e+04 8.590000000000000000e+02
4.500000000000000000e+02 8.668300000000000000e+04 8.470000000000000000e+02
5.000000000000000000e+02 8.548400000000000000e+04 8.390000000000000000e+02
5.500000000000000000e+02 8.537200000000000000e+04 8.150000000000000000e+02
6.000000000000000000e+02 8.459700000000000000e+04 7.920000000000000000e+02
6.500000000000000000e+02 8.381900000000000000e+04 7.680000000000000000e+02
7.000000000000000000e+02 8.394800000000000000e+04 7.360000000000000000e+02
7.500000000000000000e+02 8.326800000000000000e+04 7.040000000000000000e+02
8.000000000000000000e+02 8.151400000000000000e+04 6.870000000000000000e+02
8.500000000000000000e+02 8.062700000000000000e+04 6.640000000000000000e+02
9.000000000000000000e+02 8.022000000000000000e+04 6.520000000000000000e+02
9.500000000000000000e+02 7.912600000000000000e+04 5.910000000000000000e+02
1.000000000000000000e+03 7.559800000000000000e+04 5.110000000000000000e+02
