# R_a [dings], I [A], U_k [V]
0.000000000000000000e+00 2.200000000000000011e-01 3.399999999999999911e+00
1.000000000000000000e+01 1.600000000000000033e-01 2.850000000000000089e+00
2.000000000000000000e+01 1.250000000000000000e-01 2.500000000000000000e+00
3.000000000000000000e+01 7.599999999999999811e-02 2.300000000000000266e+00
4.000000000000000000e+01 7.200000000000000844e-02 2.200000000000000178e+00
5.000000000000000000e+01 5.900000000000000383e-02 2.149999999999999911e+00
6.000000000000000000e+01 5.200000000000000455e-02 2.100000000000000089e+00
7.000000000000000000e+01 4.700000000000000011e-02 2.000000000000000000e+00
8.000000000000000000e+01 4.200000000000000261e-02 1.929999999999999938e+00
9.000000000000000000e+01 3.899999999999999994e-02 1.929999999999999938e+00
1.000000000000000000e+02 3.600000000000000422e-02 1.900000000000000133e+00
