# R_a [dings], I [A], U_k [V]
0.000000000000000000e+00 1.000000000000000021e-02 1.600000000000000033e-02
1.000000000000000000e+01 8.600000000000000006e-03 5.600000000000000117e-02
2.000000000000000000e+01 5.899999999999999863e-03 8.700000000000000788e-02
3.000000000000000000e+01 5.000000000000000104e-03 9.500000000000000111e-02
4.000000000000000000e+01 4.200000000000000608e-03 1.100000000000000006e-01
5.000000000000000000e+01 3.600000000000000335e-03 1.150000000000000050e-01
6.000000000000000000e+01 3.200000000000000153e-03 1.175000000000000072e-01
7.000000000000000000e+01 2.900000000000000234e-03 1.200000000000000094e-01
8.000000000000000000e+01 2.600000000000000314e-03 1.250000000000000000e-01
9.000000000000000000e+01 2.299999999999999961e-03 1.275000000000000022e-01
1.000000000000000000e+02 2.100000000000000304e-03 1.300000000000000044e-01
