# R_a [dings], I [A], U_k [V]
0.000000000000000000e+00 6.799999999999999621e-03 1.799999999999999933e-01
1.000000000000000000e+01 6.000000000000000125e-03 2.300000000000000100e-01
2.000000000000000000e+01 4.700000000000000185e-03 2.999999999999999889e-01
3.000000000000000000e+01 3.700000000000000164e-03 3.500000000000000333e-01
4.000000000000000000e+01 3.100000000000000325e-03 3.900000000000000133e-01
5.000000000000000000e+01 2.749999999999999840e-03 4.100000000000000311e-01
6.000000000000000000e+01 2.200000000000000133e-03 4.400000000000000022e-01
7.000000000000000000e+01 2.100000000000000304e-03 4.400000000000000022e-01
8.000000000000000000e+01 1.899999999999999996e-03 4.500000000000000111e-01
9.000000000000000000e+01 1.699999999999999905e-03 4.600000000000000200e-01
1.000000000000000000e+02 1.600000000000000077e-03 4.700000000000000289e-01
