# R_a [dings], I [A], U_k [V]
0.000000000000000000e+00 2.100000000000000087e-04 5.700000000000000205e-02
1.000000000000000000e+01 1.850000000000000245e-04 7.300000000000000933e-02
2.000000000000000000e+01 1.250000000000000026e-04 1.150000000000000050e-01
3.000000000000000000e+01 9.200000000000001362e-05 1.350000000000000089e-01
4.000000000000000000e+01 7.200000000000000182e-05 1.499999999999999944e-01
5.000000000000000000e+01 6.200000000000000270e-05 1.549999999999999989e-01
6.000000000000000000e+01 5.300000000000000755e-05 1.650000000000000078e-01
7.000000000000000000e+01 4.500000000000000283e-05 1.700000000000000122e-01
8.000000000000000000e+01 3.800000000000000209e-05 1.750000000000000167e-01
9.000000000000000000e+01 3.400000000000000651e-05 1.770000000000000184e-01
1.000000000000000000e+02 3.100000000000000135e-05 1.800000000000000211e-01
